180 159 151 157 159 159 172 159 160 173
230 197 184 197 196 196 203 193 188 202
220 184 177 185 183 186 194 180 174 189
198 172 167 182 170 176 185 175 176 184
146 119 119 119 117 119 128 116 112 124
107 101 103 108 105 107 109 98 97 109
118 89 82 87 83 86 93 79 79 87
293 249 246 258 251 254 264 252 248 262
377 331 326 328 326 329 342 326 318 334
356 316 304 316 316 319 320 310 307 322
334 276 269 285 286 278 294 274 271 283
311 197 205 220 226 217 233 215 212 222
385 355 375 408 420 415 415 408 403 410
367 348 358 390 404 404 403 391 390 396
443 419 458 498 506 512 519 500 494 509
346 321 339 380 384 384 387 371 366 379
182 180 194 210 225 222 221 218 222 225
225 207 232 256 263 271 271 260 213 275
134 102 103 114 113 113 125 109 114 114
142 122 117 125 118 118 127 114 116 118
160 138 142 141 141 146 151 143 145 155
204 182 175 185 178 176 185 171 173 182
200 174 168 177 169 176 185 172 167 181
171 147 144 158 152 146 161 148 143 155
107 84 82 91 88 90 92 84 85 88
93 96 99 95 94 94 103 90 89 96
125 89 96 99 97 96 108 95 89 99
124 111 103 114 111 106 121 106 102 112
158 155 135 137 139 138 144 137 133 146
116 108 96 99 98 95 104 92 89 96
78 63 66 71 69 69 74 60 62 66
208 140 152 168 166 159 171 158 160 165
385 369 379 408 431 422 430 415 406 420
361 362 367 398 411 410 409 401 397 405
455 419 467 505 513 515 522 506 499 512
365 335 367 403 401 403 405 394 385 398
138 147 148 166 177 172 187 167 175 179
143 154 170 189 198 200 208 196 170 214
108 97 99 110 110 113 116 109 111 114
117 108 100 110 105 112 112 104 109 111
160 138 132 149 145 139 151 140 142 147
197 177 175 181 178 170 185 171 170 182
181 154 145 161 155 153 164 151 150 158
178 157 153 162 156 160 167 148 154 158
120 94 91 99 95 100 101 89 90 93
80 71 71 71 73 74 79 71 72 76
131 104 96 114 107 106 119 103 106 112
78 77 71 78 72 77 86 72 73 77
74 57 58 66 58 65 71 61 57 66
66 64 60 64 60 64 67 58 58 63
59 44 35 44 45 44 54 37 39 44
177 92 85 109 97 96 111 96 94 104
353 350 361 388 396 395 403 390 384 393
386 382 384 421 421 426 432 416 407 420
443 419 449 490 500 500 504 493 482 495
410 377 398 438 450 456 462 448 433 450
151 142 153 159 166 166 169 156 158 162
143 135 156 174 184 181 188 170 157 185
115 112 112 125 127 132 137 127 126 126
105 98 91 95 91 90 94 88 92 92
153 133 132 133 134 136 151 137 137 150
210 182 166 177 174 173 185 169 168 179
168 144 145 149 148 147 156 140 135 143
191 167 176 190 188 189 194 185 181 191
133 114 105 115 113 109 116 103 102 109
80 71 75 71 76 68 82 69 69 79
79 69 68 75 68 67 78 66 65 74
98 87 94 110 101 103 109 101 102 107
196 189 204 225 234 240 248 237 237 242
230 239 256 274 288 291 300 285 285 293
200 196 212 237 248 249 262 244 240 249
185 92 89 101 104 99 108 93 94 99
259 262 265 295 291 273 301 292 285 294
392 377 389 417 428 417 432 416 411 420
411 381 422 447 455 466 463 449 442 457
448 415 448 482 498 504 508 489 481 496
233 223 239 253 253 243 259 236 241 245
105 97 98 103 98 88 105 88 131 103
127 107 94 98 103 104 105 96 102 106
142 117 117 122 118 121 127 119 118 126
146 138 132 141 138 146 154 140 145 150
197 167 161 173 178 176 179 163 165 177
194 174 181 185 190 186 199 187 187 196
198 172 176 174 177 176 188 172 169 181
133 109 105 111 110 113 113 103 102 109
100 86 89 91 84 87 97 87 84 91
73 59 55 59 54 64 69 63 55 64
104 92 103 106 104 109 118 106 105 114
326 316 345 388 411 418 428 412 401 419
318 321 358 390 412 416 421 410 403 414
283 262 287 320 337 340 350 330 324 337
205 116 111 129 135 131 138 125 126 128
189 184 178 205 200 192 209 194 198 202
317 299 300 332 335 322 332 319 317 323
336 306 329 342 349 354 355 339 334 344
365 330 353 372 370 378 379 363 361 367
259 233 248 249 260 250 261 241 244 255
136 111 121 130 118 119 127 109 146 129
134 117 107 114 113 116 119 112 114 118
136 122 104 118 118 115 121 112 118 121
146 133 132 137 138 139 151 137 145 150
158 137 134 141 139 140 144 131 128 136
161 149 150 157 155 160 164 156 147 156
151 137 134 138 134 137 143 127 123 132
126 114 114 115 117 116 119 105 105 111
100 91 99 100 98 100 106 95 97 102
79 59 64 67 68 74 72 66 65 69
72 62 66 70 68 67 74 61 65 69
112 86 85 93 93 90 103 95 94 98
122 103 100 114 108 107 119 112 110 113
98 101 93 103 103 109 110 95 98 98
99 44 44 45 45 55 52 39 41 37
145 130 119 131 123 121 134 121 124 129
286 265 252 258 266 262 266 253 252 255
298 273 275 292 291 289 293 274 277 282
353 316 321 340 343 340 344 327 323 330
265 242 252 253 260 247 256 239 246 245
143 116 125 134 129 125 130 122 153 137
140 121 112 121 120 123 125 114 118 118
142 122 113 125 118 121 124 117 116 118
153 138 132 145 141 133 151 140 140 142
191 172 161 173 171 167 176 161 160 167
181 154 154 153 152 163 167 156 147 166
198 157 158 170 167 166 176 156 156 171
159 129 133 136 135 126 140 127 125 129
93 86 89 87 80 78 91 77 79 84
105 64 59 71 65 74 78 69 65 74
65 67 66 66 61 70 74 64 63 69
80 62 63 66 68 68 71 67 62 71
85 59 56 67 64 64 72 61 65 67
66 63 57 63 59 59 69 57 55 61
93 49 40 41 38 39 49 36 36 40
120 116 101 111 102 100 116 98 97 104
274 260 247 270 262 259 263 248 249 250
311 269 280 295 291 283 293 277 272 282
359 316 321 340 336 334 341 322 311 330
303 271 279 281 291 281 287 267 268 272
206 174 188 189 194 190 190 176 191 192
178 150 143 144 151 144 149 140 140 148
142 132 122 122 122 121 124 114 118 123
153 133 128 133 141 136 148 137 140 147
210 182 171 185 182 180 188 171 170 184
207 179 172 181 183 182 188 174 174 186
198 172 167 170 170 169 185 169 166 178
159 124 119 119 121 123 128 113 117 124
87 71 75 79 84 81 85 79 79 84
73 69 73 71 68 70 81 69 72 77
78 77 66 70 68 64 77 64 70 72
61 57 58 62 58 49 68 59 57 64
66 64 56 60 60 58 75 61 62 65
59 67 57 71 59 59 69 57 58 61
90 54 44 53 48 49 55 44 43 44
101 86 83 91 85 77 95 80 80 82
274 245 243 250 255 247 252 240 239 241
286 255 266 272 274 273 278 262 258 267
353 307 312 337 329 331 335 317 311 320
297 276 275 281 284 271 282 262 271 267
136 116 116 126 129 122 130 114 161 134
159 136 129 141 137 135 146 133 135 148
149 127 122 133 129 124 133 122 130 131
153 133 132 141 141 139 148 137 137 147
204 172 166 181 174 170 182 166 163 174
187 154 154 157 145 157 159 145 145 153
144 117 116 122 113 120 128 110 111 122
93 79 77 87 85 80 89 79 80 86
74 71 71 75 76 68 79 69 64 71
79 69 59 71 65 67 75 66 67 74
78 72 66 74 65 67 77 64 65 69
61 62 58 62 61 55 65 56 60 61
72 64 60 56 60 58 67 58 60 60
66 58 49 59 52 56 69 52 53 59
87 54 44 57 45 52 58 44 43 49
82 77 64 88 78 77 83 70 68 73
261 250 234 243 245 243 240 232 227 236
298 259 271 284 277 273 278 262 258 265
353 302 317 329 329 321 330 317 306 320
316 285 284 292 294 290 293 275 278 281
130 111 116 118 118 116 116 109 152 120
127 112 103 117 110 110 116 106 111 114
111 84 82 95 91 90 97 91 89 94
100 88 81 80 87 89 100 89 92 99
132 108 102 109 110 105 111 99 98 108
90 81 72 84 82 79 92 74 74 83
71 72 65 73 66 71 77 68 65 71
80 64 68 67 59 67 71 57 60 63
67 61 71 59 62 65 70 58 59 64
73 69 55 59 58 64 69 61 60 69
65 62 62 66 61 60 68 64 63 67
87 72 67 70 68 71 76 72 65 74
72 54 56 60 53 61 64 56 53 60
78 72 71 71 69 75 77 70 67 76
106 87 85 93 83 83 88 78 75 79
75 62 60 60 60 53 65 54 51 58
218 202 194 204 207 203 209 191 191 193
286 255 262 272 277 270 276 256 256 263
327 302 308 317 322 321 324 309 304 311
328 290 293 300 301 296 302 280 283 289
124 106 107 114 108 110 113 99 139 112
83 73 63 71 76 70 79 67 73 77
79 79 77 75 80 80 82 75 75 77
53 48 39 44 43 46 52 46 42 48
79 68 65 69 71 69 76 65 61 68
83 66 63 60 61 60 71 58 57 63
71 62 65 61 59 64 71 60 58 61
74 59 54 63 63 58 71 55 52 60
74 66 66 63 62 65 73 60 59 69
73 64 59 67 54 57 72 61 57 69
65 67 62 58 58 60 71 56 55 64
87 86 76 85 79 74 85 74 74 81
78 74 65 75 71 67 75 64 67 72
98 77 71 87 76 75 86 72 70 73
82 49 40 53 45 45 52 44 43 44
44 42 28 45 36 36 44 31 32 36
162 153 141 153 148 149 157 140 138 147
267 231 235 249 243 239 246 228 225 234
302 269 281 293 291 293 295 278 277 286
278 252 261 265 267 256 267 241 246 247
124 92 103 111 105 107 102 88 122 105
77 59 59 60 62 58 64 54 56 58
67 70 60 68 67 68 70 62 63 67
26 28 21 32 29 29 40 30 29 40
66 58 51 61 50 52 58 49 49 55
63 47 45 60 50 50 59 45 47 48
65 52 51 57 52 51 65 46 45 51
60 54 45 54 48 45 55 44 42 48
54 51 43 51 48 48 58 44 44 46
66 49 50 51 54 51 66 53 48 54
72 57 52 58 58 57 68 59 58 59
61 47 49 50 44 46 62 46 45 49
40 40 34 36 39 42 49 36 36 41
46 29 40 44 35 34 48 29 29 37
52 30 27 37 31 29 43 26 26 30
37 33 28 33 32 33 38 26 27 31
56 60 43 53 54 52 57 43 43 52
73 72 61 70 51 71 76 64 62 69
80 67 63 70 47 70 76 60 56 66
61 47 54 52 62 47 54 41 44 45
48 30 36 40 46 35 41 24 33 37
45 35 28 33 24 33 38 31 32 31
29 36 29 33 25 33 38 31 32 33
20 18 11 16 14 16 28 16 22 25
47 43 42 45 39 39 52 33 36 40
51 42 40 40 40 37 45 37 32 35
52 47 41 45 41 45 53 38 38 40
47 45 49 46 41 42 52 39 37 40
48 41 43 43 41 42 52 39 42 43
53 40 41 43 37 38 45 37 38 39
52 42 38 46 40 38 53 43 38 42
48 42 40 46 44 33 50 40 37 44
47 40 38 40 43 39 46 38 41 46
46 44 40 48 45 47 51 42 41 42
66 44 36 41 38 45 52 39 38 42
44 47 37 45 43 43 50 36 42 46
49 51 39 45 44 45 51 43 46 45
54 53 52 58 51 53 62 48 50 52
48 48 40 54 43 44 56 42 42 47
49 52 36 41 38 41 54 36 41 42
42 39 45 44 42 41 50 35 40 47
45 45 37 44 41 36 49 39 44 43
61 46 46 44 43 46 53 44 49 48
26 23 25 28 22 29 34 27 29 32
53 58 37 45 46 49 52 41 41 48
57 47 45 52 43 47 57 43 47 48
58 52 51 61 52 58 62 49 48 48
67 49 54 58 52 51 58 52 52 53
54 51 48 51 55 48 61 50 47 53
53 49 45 43 47 48 57 50 43 49
52 52 43 50 43 51 62 48 46 52
48 52 44 46 44 46 53 46 42 49
40 54 34 48 46 45 52 43 46 48
53 48 44 48 48 44 57 44 43 49
59 40 40 45 41 42 52 42 38 44
44 42 41 45 43 46 53 42 44 48
49 46 43 45 47 48 51 46 48 50
47 44 48 50 48 50 62 51 48 52
48 43 40 46 47 44 53 47 49 49
49 47 49 45 38 41 51 38 44 45
48 30 45 52 46 48 50 35 41 49
45 40 33 40 38 36 47 41 41 41
48 60 51 56 56 52 59 52 53 55
33 23 21 32 29 33 37 32 32 37
53 58 46 61 46 59 61 54 51 58
63 52 49 48 54 53 62 51 52 58
58 57 51 61 59 58 68 57 50 58
54 54 49 54 52 54 61 55 55 55
54 56 48 51 55 55 61 50 52 56
47 54 45 47 47 45 57 45 45 49
52 52 48 54 54 54 62 46 53 52
48 47 40 42 47 42 53 48 45 51
28 50 38 40 39 39 49 41 43 48
59 48 40 44 45 44 57 44 36 51
67 44 40 45 45 45 55 44 48 49
44 47 37 48 46 50 50 44 54 48
49 55 48 57 51 55 60 48 53 55
66 63 57 70 61 59 65 59 58 64
67 58 54 62 54 60 67 55 59 59
61 47 54 52 52 54 60 46 49 52
42 34 45 48 42 48 50 40 44 57
45 40 28 40 38 39 44 36 36 38
105 98 91 95 94 96 109 96 97 99
33 28 25 32 33 36 43 38 32 40
73 63 65 65 61 62 73 54 59 65
77 61 54 60 57 60 68 56 54 63
71 52 60 61 55 54 68 60 53 61
74 49 59 54 56 54 64 52 52 58
67 51 57 55 48 58 64 55 57 61
60 44 55 59 44 54 60 50 45 57
52 52 48 58 51 54 59 51 48 57
61 47 44 50 51 49 56 48 47 51
53 45 38 48 39 42 49 43 43 50
53 39 44 52 45 47 57 44 43 51
54 35 36 49 41 42 55 42 36 42
37 38 32 37 32 29 38 29 25 31
68 65 61 64 61 58 60 56 51 57
91 72 75 78 72 71 82 64 65 71
80 72 72 78 71 70 79 68 66 71
74 57 58 64 62 57 66 54 58 59
48 30 45 48 42 51 53 37 47 52
58 45 42 48 52 48 58 47 46 55
186 160 153 164 167 165 175 156 164 167
26 28 30 32 33 29 37 35 37 40
73 68 60 61 61 62 70 57 59 63
77 61 59 60 57 60 71 58 54 63
78 57 60 61 62 68 71 62 58 66
67 59 49 54 59 61 64 57 55 60
54 56 48 59 58 55 64 55 49 61
60 54 45 47 51 48 54 48 45 52
65 57 48 54 51 54 59 48 51 57
48 52 49 54 51 52 56 53 47 54
53 40 42 44 46 39 55 48 43 50
53 44 49 52 41 47 57 44 46 54
74 49 36 53 45 49 55 44 43 49
44 42 28 52 39 36 44 36 37 41
37 41 35 45 40 42 40 35 38 40
54 39 35 31 41 40 47 41 41 45
48 39 45 50 47 44 50 45 42 49
68 52 58 52 52 47 60 49 56 52
55 30 45 40 42 41 50 32 47 49
71 59 55 64 58 54 61 54 56 63
218 189 184 199 194 190 199 187 193 201
26 28 30 36 29 29 43 38 34 40
73 63 60 69 61 62 73 59 59 63
63 56 59 60 61 60 71 61 54 66
71 57 60 57 62 58 74 57 58 63
74 49 54 58 56 58 64 55 55 58
54 56 52 59 51 55 64 50 49 56
47 44 41 47 40 45 51 45 43 47
59 47 48 50 47 57 56 53 48 57
61 47 49 50 51 52 56 51 47 54
53 45 42 48 50 51 58 48 48 53
59 58 44 56 52 53 60 49 50 54
76 49 40 53 41 52 55 42 46 54
56 47 32 48 46 43 50 39 47 48
43 36 35 41 40 42 45 35 43 47
47 35 39 43 41 43 50 43 41 42
48 39 45 50 40 41 50 42 42 47
36 42 45 52 45 41 49 38 49 42
42 30 40 44 39 41 47 35 50 45
83 78 72 75 76 79 82 78 77 80
218 203 201 206 212 212 217 205 214 218
26 28 25 32 33 33 43 32 37 37
66 63 56 57 61 62 67 57 56 63
57 56 54 68 61 63 68 56 54 61
65 52 60 69 59 61 71 57 60 63
60 59 54 58 59 58 64 52 57 60
61 56 52 59 58 58 67 52 54 61
60 54 50 55 54 48 66 53 50 57
59 52 48 58 54 57 68 53 53 59
54 52 49 54 47 42 59 48 50 54
47 45 38 52 43 45 55 43 46 50
59 48 44 59 52 53 63 49 48 56
75 54 49 53 52 55 64 52 50 57
50 52 46 48 46 50 56 47 47 56
43 46 39 53 40 48 51 43 43 50
47 44 39 43 44 43 56 46 48 50
54 48 40 50 43 44 50 45 44 49
49 42 49 41 45 38 51 41 44 42
61 30 45 40 42 45 47 35 60 49
127 112 107 114 113 113 119 122 118 126
243 222 215 230 232 222 234 229 226 233
33 33 35 32 29 36 46 35 32 43
73 63 56 61 64 62 70 54 54 63
70 66 54 60 57 63 68 56 54 63
78 57 55 61 59 58 68 57 50 58
67 59 54 54 59 58 64 57 50 58
61 61 52 63 51 52 64 52 54 61
73 59 50 51 58 54 63 45 50 62
59 52 48 54 51 51 62 51 53 57
61 47 40 46 40 42 56 43 40 51
53 45 34 48 39 42 49 38 38 46
59 48 44 52 45 47 57 52 46 51
79 54 44 53 52 52 58 49 50 59
56 52 46 56 53 57 59 47 54 56
56 51 43 53 47 48 54 48 48 52
66 44 44 47 41 47 50 41 46 50
54 48 40 42 43 48 53 42 44 47
55 47 45 48 41 44 54 41 49 52
48 44 45 48 46 48 50 35 70 54
165 141 138 141 148 147 151 140 150 155
249 218 210 218 222 218 231 216 219 226
